0, '2-color LED', 'V1-131', 8
1, 'Passive Buzzer', 'V1-006', 3
2, '2-color LED', 'V1-011', 8
3, 'null', 'V1-031', 4
4, 'Vibration switch', 'V1-002', 7
5, 'Photo resistor', 'V1-018', 5
6, 'Key switch', 'V1-004', 3
7, 'Tilt switch', 'V1-020', 7
8, 'Full-color LED SMD modules', 'V1-009', 8
9, 'null', 'V1-005', 6
10, '3-color LED', 'V1-016', 5
11, 'Mercury optical', 'V1-017', 5
12, '2-color LED 3MM', 'V1-029', 4
13, 'Active buzzer', V1-012', 7
14, 'Temperature sensor', 'V1-013', 3
15, 'Automatic LED', 'V1-034', 6
16, 'Mini magnetic reed modules', 'V1-021', 6
17, 'null', 'V1-003', 2
18, 'Infrared sensor receiver', 'V1-022', 1
19, 'null', 'V1-035', 3
20, '5V 2-Channel relay', 'V1-027', 10
21, 'Rotary encoder', 'V1-040', 3
22, 'Optical encoder', 'V1-010', 9
23, 'Optical sensor', 'V1-039', 6
24, 'null', 'V1-025,' 10
25, 'Obstacle avoidance sensor', 'V1-032', 4
26, 'Voltage monitor', 'V1-033', 2
27, 'Microphone sound sensor', 'V1-038', 3
28, 'Laser sensor', 'V1-008', 3
29, '5V relay', 'V1-019', 6
30, 'Temperature sensor', 'V1-001', 10
31, , V1-028, 7
32, Linear magnetic hall sensors, V1-024, 6
33, Flame sensor, V1-026, 4
34, Sensitive microphone sensor, V1-037, 4
35, Temperature and humidity sensor, V1-015, 1
36, XY-axis joystick, V1-023, 4
37, Metal touch sensor, V1-036, 3
38, Voltage sensor, KR-12, 5
39, MQ2 sensor, MQ2, 4
40, MQ5 sensor, MQ5, 3
41, MQ7 sensor, MQ7, 1
42, Temperature sensor, DS18B20, 6
43, Temperature humidity sensor, DHT11, 2
44, Flame detection sensor, KR-0012, 5
45, Water level sensor module, KR-021, 8
46, Digital touch sensor module, KR-0212, 1
47, Vibration sensor module, KR-0991, 1
48, Sound sensor module, KR-2131, 1
49, Photosensitive sensor module, KR-0192, 8
50, Passive buzzer module, KR-877, 4
51, Digital air pressure sensor , BMP180, 6
52, Infrared sensor module, HC-SR501, 2
53, Two-way relay module, KR-002, 2


//location column
id, part_id, location, qty
1,38,W9,1
2,11,M4,2
3,32,H6,2
4,46,A1,1
5,2,C2,3
6,44,J4,3
7,47,O1,1
8,46,F9,3
9,44,I8,2
10,22,I0,3
11,6,Z0,3
12,50,A4,1
13,3,Q9,2
14,8,H6,2
15,4,P6,2
16,50,B7,1
17,13,X0,1
18,2,I9,2
19,12,F2,3
20,8,I5,2
21,53,D9,2
22,53,L1,3
23,1,X9,2
24,14,H2,2
25,4,V5,2
26,31,Z3,2
27,50,S6,2
28,49,U8,2
29,45,U1,1
30,12,N5,2
31,45,I4,1
32,46,A7,2
33,15,V9,2
34,39,T3,2
35,54,U0,1
36,0,P0,1
37,44,Z9,1
38,1,Q0,3
39,29,W9,1
40,4,C6,1
41,22,H0,2
42,6,W6,1
43,29,Z5,2
44,13,H6,3
45,33,X3,3
46,48,O9,2
47,25,W5,3
48,10,P9,2
49,14,F6,2
50,24,U8,1
51,7,W8,1
52,18,H6,2
53,41,Q8,3
54,36,N1,3
55,11,Y4,1
56,25,J6,3
57,8,P0,3
58,47,E4,2
59,8,U5,2
60,44,M8,3
61,35,B6,1
62,3,E7,2
63,30,A9,1
64,48,Y0,2
65,34,H4,3
66,18,N4,1
67,25,U9,2
68,39,T7,1
69,23,P4,1
70,26,C5,1
71,28,C8,3
72,19,Y7,1
73,44,E4,1
74,40,B3,3
75,6,H5,1
76,11,A0,2
77,39,Z8,3
78,27,K1,3
79,8,M9,3
80,39,O7,2
81,54,O2,2
82,8,W4,1
83,44,Z3,1
84,10,O0,1
85,7,L4,2
86,1,R9,3
87,44,F5,3
88,23,B6,1
89,42,X5,1
90,21,P0,1
91,45,S1,2
92,48,L7,3
93,8,I8,1
94,19,P2,2
95,8,W9,1
96,24,X6,3
97,7,P9,3
98,53,R4,3
99,10,N6,1
100,33,K5,2

//manufactorer
id, name
1, Pip Industrial
2, NNC Manufacturing
3, BBEV Corporation
4, Tineye Corporation
5, Tracer Technolgies
6, BN Metals Corp.
7, Northern Manufacturing
8, Western IL Manufacturing
9, NAU Remote Sensing
10, Audion Industrial
///reorder columnid, part_id, price_usd, quantity
1,1,18.99,1
2,1,90.99,5
3,1,171.99,10
4,1,2044.99,125
5,1,3075.99,200
6,2,6.99,1
7,2,33.99,5
8,2,127.99,20
9,2,457.99,75
10,2,1350.99,250
11,3,10.99,1
12,3,260.99,25
13,3,722.99,75
14,3,920.99,100
15,3,2261.99,250
16,4,19.99,1
17,4,193.99,10
18,4,901.99,50
19,4,1730.99,100
20,4,3069.99,200
21,5,6.99,10
22,5,83.99,125
23,5,120.99,200
24,5,143.99,250
25,5,254.99,500
26,6,4.99,1
27,6,105.99,20
28,6,127.99,25
29,6,512.99,100
30,6,611.99,125
31,7,2.99,1
32,7,16.99,5
33,7,30.99,10
34,7,146.99,50
35,7,546.99,200
36,8,19.99,1
37,8,197.99,10
38,8,466.99,25
39,8,1301.99,75
40,8,7911.99,500
41,9,157.99,20
42,9,373.99,50
43,9,1382.99,200
44,9,1658.99,250
45,9,3176.99,500
46,10,6.99,1
47,10,35.99,5
48,10,339.99,50
49,10,450.99,75
50,10,561.99,100
51,11,79.99,10
52,11,153.99,20
53,11,187.99,25
54,11,356.99,50
55,11,854.99,125
56,12,108.99,5
57,12,210.99,10
58,12,485.99,25
59,12,1877.99,100
60,12,2303.99,125
61,13,32.99,5
62,13,61.99,10
63,13,453.99,75
64,13,721.99,125
65,13,2607.99,500
66,14,7.99,1
67,14,162.99,20
68,14,740.99,100
69,14,1645.99,250
70,14,3041.99,500
71,15,2.99,1
72,15,13.99,5
73,15,25.99,10
74,15,248.99,100
75,15,447.99,200
76,16,51.99,25
77,16,102.99,50
78,16,246.99,125
79,16,464.99,250
80,16,875.99,500
81,17,8.99,1
82,17,223.99,25
83,17,408.99,50
84,17,726.99,100
85,17,812.99,125
86,18,11.99,1
87,18,118.99,10
88,18,591.99,50
89,18,884.99,75
90,18,1158.99,100
91,19,16.99,1
92,19,82.99,5
93,19,151.99,10
94,19,729.99,50
95,19,1336.99,100
96,20,7.99,1
97,20,36.99,5
98,20,134.99,20
99,20,325.99,50
100,20,591.99,100
101,21,3.99,1
102,21,78.99,20
103,21,92.99,25
104,21,175.99,50
105,21,262.99,75
106,22,8.99,1
107,22,46.99,5
108,22,222.99,25
109,22,1633.99,200
110,22,4000.99,500
111,23,1233.99,75
112,23,1564.99,100
113,23,1856.99,125
114,23,3537.99,250
115,23,6514.99,500
116,24,104.99,5
117,24,200.99,10
118,24,371.99,20
119,24,451.99,25
120,24,1241.99,75
121,25,153.99,10
122,25,695.99,50
123,25,937.99,75
124,25,1184.99,100
125,25,2931.99,250
126,26,1063.99,75
127,26,1649.99,125
128,26,2393.99,200
129,26,2892.99,250
130,26,5318.99,500
131,27,76.99,5
132,27,284.99,20
133,27,348.99,25
134,27,661.99,50
135,27,1493.99,125
136,28,54.99,5
137,28,261.99,25
138,28,507.99,50
139,28,1217.99,125
140,28,2342.99,250
141,29,74.99,5
142,29,138.99,10
143,29,256.99,20
144,29,621.99,50
145,29,820.99,75
146,30,97.99,5
147,30,950.99,50
148,30,1378.99,75
149,30,2202.99,125
150,30,3511.99,200
151,31,11.99,1
152,31,57.99,5
153,31,219.99,20
154,31,1017.99,100
155,31,1789.99,200
156,32,6.99,5
157,32,13.99,10
158,32,66.99,50
159,32,238.99,200
160,32,579.99,500
161,33,0.99,1
162,33,2.99,5
163,33,43.99,75
164,33,52.99,100
165,33,122.99,250
166,34,2.99,1
167,34,76.99,25
168,34,208.99,75
169,34,522.99,200
170,34,601.99,250
171,35,14.99,1
172,35,70.99,5
173,35,327.99,25
174,35,3255.99,250
175,35,6110.99,500
176,36,73.99,50
177,36,109.99,75
178,36,285.99,200
179,36,353.99,250
180,36,691.99,500
181,37,93.99,5
182,37,888.99,50
183,37,2107.99,125
184,37,3095.99,200
185,37,3486.99,250
186,38,225.99,20
187,38,514.99,50
188,38,1014.99,100
189,38,1179.99,125
190,38,4281.99,500
191,39,38.99,10
192,39,186.99,50
193,39,277.99,75
194,39,357.99,100
195,39,649.99,200
196,40,2.99,5
197,40,4.99,10
198,40,51.99,100
199,40,61.99,125
200,40,116.99,250
201,41,65.99,5
202,41,121.99,10
203,41,235.99,20
204,41,533.99,50
205,41,969.99,100
206,42,212.99,10
207,42,483.99,25
208,42,881.99,50
209,42,2185.99,125
210,42,4336.99,250
211,43,190.99,10
212,43,347.99,20
213,43,1168.99,75
214,43,1404.99,100
215,43,6408.99,500
216,44,104.99,10
217,44,257.99,25
218,44,1021.99,100
219,44,1930.99,200
220,44,2236.99,250
221,45,319.99,25
222,45,896.99,75
223,45,1133.99,100
224,45,1351.99,125
225,45,2015.99,200
226,46,40.99,5
227,46,79.99,10
228,46,149.99,20
229,46,184.99,25
230,46,1369.99,200
231,47,2.99,1
232,47,83.99,25
233,47,234.99,75
234,47,611.99,200
235,47,1370.99,500
236,48,14.99,1
237,48,71.99,5
238,48,1787.99,125
239,48,3545.99,250
240,48,6816.99,500
241,49,2.99,1
242,49,17.99,5
243,49,32.99,10
244,49,166.99,50
245,49,300.99,100
246,50,7.99,1
247,50,82.99,10
248,50,774.99,100
249,50,1460.99,200
250,50,1646.99,250
251,51,19.99,1
252,51,507.99,25
253,51,994.99,50
254,51,1966.99,100
255,51,4808.99,250
256,52,18.99,1
257,52,371.99,20
258,52,438.99,25
259,52,819.99,50
260,52,2913.99,200
261,53,150.99,25
262,53,724.99,125
263,53,1132.99,200
264,53,1287.99,250
265,53,2378.99,500